duration, execution, speed, cycle, tuple, exception type, exception, flip1-tuple, flip1-exec, flip2-tuples, flip2-exec, flip4-tuple, flip4-exec, flip8-tuple, flip8-exec, flip16-tuple, flip16-exec, flip32-tuple, flip32-exec, arith8-tuple, arith8-exec, arith16-tuple, arith16-exec, arith32-tuple, arith32-exec, int8-tuple, int8-exec, int16-tuple, int16-exec, int32-tuple, int32-exec, ext_UO-tuple, ext_UO-exec, ext_AO-tuple, ext_AO-exec, havoc-tuple, havoc-exec, max depth, gasless, disorder, reentrancy, timestamp, number, delegate, freezing, branches, coverage, callorder, predicates, random-havoc, heuristic-havoc, overflow, underflow
0.003662,2,545.852,0,5,1,2,0,0,0,0,0,0,0,0,0,0,0,0,0,0,0,0,0,0,0,0,0,0,0,0,0,0,0,0,0,0,2,0,0,0,0,0,0,0,7,29,0,1,0,0,0,0
5.00021,32304,6460.53,0,5,1,2,1,1536,0,1534,0,1530,0,192,0,127,0,125,0,7168,0,8154,0,5106,0,358,0,1296,0,2046,0,2,0,3060,0,16,2,0,0,0,0,0,0,0,7,29,0,1,0,0,0,0
10.0002,53307,5330.58,92,5,1,2,1,1536,0,1534,0,1530,0,192,0,127,0,125,0,7168,0,8154,0,5106,0,358,0,1840,0,2895,0,4,0,4132,0,18605,2,0,0,0,0,0,0,0,7,29,0,1,0,0,0,0
15.0001,72292,4819.43,177,5,1,2,1,1536,0,1534,0,1530,0,192,0,127,0,125,0,7168,0,8154,0,5106,0,358,0,1840,0,2895,0,4,0,4132,0,37590,2,0,0,0,0,0,0,0,7,29,0,1,0,0,0,0
20.0002,91639,4581.9,263,5,1,2,1,1536,0,1534,0,1530,0,192,0,127,0,125,0,7168,0,8154,0,5106,0,358,0,1840,0,2895,0,4,0,4132,0,56937,2,0,0,0,0,0,0,0,7,29,0,1,0,0,0,0
25.0003,109741,4389.6,344,5,1,2,1,1536,0,1534,0,1530,0,192,0,127,0,125,0,7168,0,8154,0,5106,0,358,0,1840,0,2895,0,4,0,4132,0,75039,2,0,0,0,0,0,0,0,7,29,0,1,0,0,0,0
30.0002,125401,4180.01,414,5,1,2,1,1536,0,1534,0,1530,0,192,0,127,0,125,0,7168,0,8154,0,5106,0,358,0,1840,0,2895,0,4,0,4132,0,90699,2,0,0,0,0,0,0,0,7,29,0,1,0,0,0,0
35.0002,140338,4009.63,481,5,1,2,1,1536,0,1534,0,1530,0,192,0,127,0,125,0,7168,0,8154,0,5106,0,358,0,1840,0,2895,0,4,0,4132,0,105636,2,0,0,0,0,0,0,0,7,29,0,1,0,0,0,0
40.0002,156711,3917.75,554,5,1,2,1,1536,0,1534,0,1530,0,192,0,127,0,125,0,7168,0,8154,0,5106,0,358,0,1840,0,2895,0,4,0,4132,0,122009,2,0,0,0,0,0,0,0,7,29,0,1,0,0,0,0
45.0001,172000,3822.21,622,5,1,2,1,1536,0,1534,0,1530,0,192,0,127,0,125,0,7168,0,8154,0,5106,0,358,0,1840,0,2895,0,4,0,4132,0,137298,2,0,0,0,0,0,0,0,7,29,0,1,0,0,0,0
50.0002,188574,3771.47,696,5,1,2,1,1536,0,1534,0,1530,0,192,0,127,0,125,0,7168,0,8154,0,5106,0,358,0,1840,0,2895,0,4,0,4132,0,153872,2,0,0,0,0,0,0,0,7,29,0,1,0,0,0,0
55.0001,204769,3723.07,768,5,1,2,1,1536,0,1534,0,1530,0,192,0,127,0,125,0,7168,0,8154,0,5106,0,358,0,1840,0,2895,0,4,0,4132,0,170067,2,0,0,0,0,0,0,0,7,29,0,1,0,0,0,0
60.0003,220177,3669.6,837,5,1,2,1,1536,0,1534,0,1530,0,192,0,127,0,125,0,7168,0,8154,0,5106,0,358,0,1840,0,2895,0,4,0,4132,0,185475,2,0,0,0,0,0,0,0,7,29,0,1,0,0,0,0
65.0001,238966,3676.39,921,5,1,2,1,1536,0,1534,0,1530,0,192,0,127,0,125,0,7168,0,8154,0,5106,0,358,0,1840,0,2895,0,4,0,4132,0,204264,2,0,0,0,0,0,0,0,7,29,0,1,0,0,0,0
70.0002,257506,3678.65,1004,5,1,2,1,1536,0,1534,0,1530,0,192,0,127,0,125,0,7168,0,8154,0,5106,0,358,0,1840,0,2895,0,4,0,4132,0,222804,2,0,0,0,0,0,0,0,7,29,0,1,0,0,0,0
75.0001,275314,3670.85,1083,5,1,2,1,1536,0,1534,0,1530,0,192,0,127,0,125,0,7168,0,8154,0,5106,0,358,0,1840,0,2895,0,4,0,4132,0,240612,2,0,0,0,0,0,0,0,7,29,0,1,0,0,0,0
80.0002,294927,3686.58,1171,5,1,2,1,1536,0,1534,0,1530,0,192,0,127,0,125,0,7168,0,8154,0,5106,0,358,0,1840,0,2895,0,4,0,4132,0,260225,2,0,0,0,0,0,0,0,7,29,0,1,0,0,0,0
85.0003,312496,3676.41,1249,5,1,2,1,1536,0,1534,0,1530,0,192,0,127,0,125,0,7168,0,8154,0,5106,0,358,0,1840,0,2895,0,4,0,4132,0,277794,2,0,0,0,0,0,0,0,7,29,0,1,0,0,0,0
90.0002,329119,3656.87,1323,5,1,2,1,1536,0,1534,0,1530,0,192,0,127,0,125,0,7168,0,8154,0,5106,0,358,0,1840,0,2895,0,4,0,4132,0,294417,2,0,0,0,0,0,0,0,7,29,0,1,0,0,0,0
95.0115,346501,3646.94,1401,5,1,2,1,1536,0,1534,0,1530,0,192,0,127,0,125,0,7168,0,8154,0,5106,0,358,0,1840,0,2895,0,4,0,4132,0,311799,2,0,0,0,0,0,0,0,7,29,0,1,0,0,0,0
100,363585,3635.84,1477,5,1,2,1,1536,0,1534,0,1530,0,192,0,127,0,125,0,7168,0,8154,0,5106,0,358,0,1840,0,2895,0,4,0,4132,0,328883,2,0,0,0,0,0,0,0,7,29,0,1,0,0,0,0
105,380942,3628,1555,5,1,2,1,1536,0,1534,0,1530,0,192,0,127,0,125,0,7168,0,8154,0,5106,0,358,0,1840,0,2895,0,4,0,4132,0,346240,2,0,0,0,0,0,0,0,7,29,0,1,0,0,0,0
110,398376,3621.59,1632,5,1,2,1,1536,0,1534,0,1530,0,192,0,127,0,125,0,7168,0,8154,0,5106,0,358,0,1840,0,2895,0,4,0,4132,0,363674,2,0,0,0,0,0,0,0,7,29,0,1,0,0,0,0
115,416081,3618.09,1712,5,1,2,1,1536,0,1534,0,1530,0,192,0,127,0,125,0,7168,0,8154,0,5106,0,358,0,1840,0,2895,0,4,0,4132,0,381379,2,0,0,0,0,0,0,0,7,29,0,1,0,0,0,0
120.001,432561,3604.66,1785,5,1,2,1,1536,0,1534,0,1530,0,192,0,127,0,125,0,7168,0,8154,0,5106,0,358,0,1840,0,2895,0,4,0,4132,0,397859,2,0,0,0,0,0,0,0,7,29,0,1,0,0,0,0
120.006,432561,3604.5,1785,5,1,2,1,1536,0,1534,0,1530,0,192,0,127,0,125,0,7168,0,8154,0,5106,0,358,0,1840,0,2895,0,4,0,4132,0,397859,2,0,0,0,0,0,0,0,7,29,0,1,0,0,0,0
